# SRINGS version 1.0 || Please do not alter this tecxt file ||Designed and Developed by ABC Lab at BITS Pilani - K.K. Birla Goa Campus, India
# name: Theta1
# type: matrix
# rows: 15
# columns: 187
 0.09720190530459974 0.1111111974081457 -0.04597676713443629 0.03175924375197178 0.15808670322253 -0.0217009569967969 0.02430773179088866 0.1460236469343253 -0.02030989954790796 -0.04229991134954183 -0.02944378869545953 0.003172802095274246 0.08413508001656483 -0.0157100987302622 -0.068738694019033 -0.01760975343448471 -0.06670386413925203 -0.05171135232749272 -0.02988890561529992 0.04327812095928713 0.06997216520775938 0.09048773686618473 0.1657794470751828 0.1338644532852433 0.02347292534883275 -0.1062484493813302 0.2035366868162655 0.1219882561446443 0.04892534448313128 0.01800426385573995 -0.007530858867277827 0.05231969730652646 0.1226175307412737 -0.04641519440214077 -0.1731171761815911 0.1042957543946408 -0.02605505829567099 0.03447747139360191 -0.1163147673325654 -0.04552509346285904 0.07988067257364327 -0.007714327158943855 0.1730773334311659 -0.04863449009056401 -0.007588220964504741 0.01644627672368396 0.1606496923001974 0.2119906309679145 0.008514806356652008 -0.07928384025289342 0.05401294247914474 0.03300154074863811 0.08967218783821333 -0.02911129426750424 -0.01821460741780191 0.02691872997390516 0.06474546342754803 -0.08353237026859003 -0.01832057878864683 -0.08847243538504841 -0.02379254562420933 0.0002535475334764764 0.05705745059492909 -0.07092384079049562 0.1196920484720686 0.08878453327273923 0.0606205820455042 0.08732882574937005 -0.1807237927460357 0.09819041570766864 0.08084986470042942 0.1350837346470992 0.03889702194415898 0.08142456896441705 -0.08410083043575112 -0.08402071922128899 -0.05607769028753509 0.1207308635224053 0.003199327074287948 -0.05766991921922369 0.1415172739326471 0.1463701756053269 -0.2413605479413533 -0.1611149790603255 -0.1808417327924538 0.03594002823719276 -0.2518654033903335 -0.2073846214858448 0.007591966819917593 -0.200293000713698 0.2585636582739101 0.1567751030100684 -0.1605182729767971 0.08503455380890183 -0.03147831855977672 -0.1155137149305508 -0.1126674635955541 0.01948710150944873 -0.08217298390757656 -0.1661819926802031 0.2880659324396028 0.1528792380061327 0.1127155862054014 0.03434353105618774 0.0366576850087422 -0.09989248347547659 0.2062519855601732 0.2033718139460119 -0.02683023187092268 -0.04990407965291976 0.09030355114457222 0.08565766539294814 0.3164679792692794 -0.04007913997598273 -0.1337455379371425 -0.01115475588933211 0.1627903575076838 0.114992066843999 -0.08598136969256634 -0.01746314248558323 -0.03749614305029071 0.1228489956767073 0.1056960765139107 -0.0687708125630369 -0.01389729555620189 -0.03846017835104049 -0.003418504482118626 0.0584354580640562 -0.1508806158238846 0.0813546529743924 0.06318465579007347 0.003093225501803371 0.1096104499974927 0.06366107598416849 0.04309726527488266 0.001726374886408781 -0.01030534796193218 0.01842592522556184 -0.0261587491432351 -0.1144847949272006 -0.02631998159453967 -0.0250099351935966 -0.07433787488934329 0.09213372362882911 -0.01803848320321878 0.01087762380676847 0.03809127738407303 0.1117668182890397 -0.1277310791217031 0.05695325000525478 -0.02280251309905238 0.04064084610187722 -0.009080118700935811 -0.05829896784525334 -0.0373413484528267 -0.04852273446992558 -0.03387045366153492 0.06060714228438532 0.02153927775511676 0.009796112700741967 0.1007407754327582 0.008109691723262757 0.02585317013386449 -0.04828324074621798 -0.07235394190671436 -0.07189008242056023 0.04414914033014998 0.08167635523853901 -0.03737080630454073 -0.02892103225914297 0.08296037558843694 0.1045461872531223 -0.05858297872996504 -0.02185009669615161 -0.04351481032493832 0.03726949617769373 -0.0789131856621202 0.004156365928102066 0.0385039671213912 -0.002601125904819887 -0.004230962501817941 0.4284398815264797 0.03592396123183082 -0.002737262451037873 0.07012930062903266 0.1277818471086876 -0.1235425902069972
 0.001326257259106739 0.03748022121271755 0.04938493184915038 -0.02986211340823257 0.104600096402979 0.1100619573077706 -0.1001259033183256 -0.07600540155270433 0.02509256651940443 0.02445690437114942 -0.05143296740560369 0.1000807232160857 0.03833627074852907 -0.03965808028978336 -0.001893080734117634 -0.1059336914580482 -0.05788131540289349 0.08073907315662303 0.07977872297126409 -0.02153723738819199 0.01994256370401727 0.08793140455266177 -0.05128814424104273 -0.021972861994073 -0.05711874197487664 -0.05596868113533268 0.003459581933915015 -0.00917588865657068 0.08896724881566902 0.06153198918493943 0.01297435179590404 0.03720639745544361 0.09358022802510146 -0.1377192345978559 -0.05491507241157988 0.03930615713128864 -0.01995723913923769 -0.06946259461055868 0.1244713152371209 0.1113187195869961 -0.008125335378745133 0.05686825325813889 -0.02384738456327604 -0.04598331255242709 -0.06734013341319275 -0.0311360810107985 -0.008149310537456106 0.03636153972923384 -0.06014797461212743 0.01502850364361391 -0.01933560862191793 0.003795926988173005 -0.05096530190320723 -0.004727932458922533 0.09892865949955791 -0.08213945895104058 -0.02340740451849216 0.07119755146456447 0.06906982419249927 -0.07647302471287841 0.02681920950921906 0.08952416677207167 -0.1029575949096098 0.06580064038168519 -0.04752759380366264 -0.04353850511784972 -0.005184311176501511 0.06596460588805032 -0.05602052469365978 0.103508997849697 -0.07154737578683323 0.02715579327238549 -0.02281941443869764 -0.1717967905357685 0.1107371599404586 -0.05956691047906353 -0.02492490309379496 0.08129554409022477 0.01236744109519377 0.05674170498505406 0.1260633131002871 0.1084071731914141 -0.08288927468016126 0.03490660753007143 -0.007280542247552568 -0.05850078391205463 -0.009074555650180716 0.08127006933955265 -0.0601139750776479 0.1624240096617008 0.03135630437029499 0.1175513614731643 0.1817605555438934 -0.1690285390872932 -0.08851879650375244 -0.01972539006883103 -0.01737449326578824 0.03229308086446709 0.008194748867176114 -0.07301180580421081 0.01591631897520391 0.05365905364328341 -0.03162762400899423 0.09699497409327935 -0.1442422126173434 0.09306271043105578 -0.024511376488334 0.04361275865032378 0.02923769441207587 -0.01746376154621161 0.09573430083113139 0.03522325428375526 0.09497658193892143 -0.1322146840251183 0.1051060474293661 0.0578757344223049 -0.02575083421971966 0.1042996670950879 0.02127385434426332 -0.02246589428322132 0.03818710784966019 0.1011459013249947 0.0006583924080649922 0.09128468178175847 0.04985122721276886 -0.003316637302285397 -0.06292786255622758 -0.01100318655139606 -0.1134284148709283 0.05406592618967739 -0.01470902840325057 0.05836455944045108 0.1288754904990218 -0.1212645483183425 0.02932073759570097 0.01426077331582094 -0.02908368172724734 0.1050675589894996 0.0016394884531489 -0.004957095934742852 0.09148489666490364 -0.01120347642571239 -0.09082636651079222 0.08977180343462865 0.1277255895022184 0.02773752497444319 0.05740849225556246 0.06778732981999548 -0.09524374608053214 0.08075085864863546 -0.0115554013845548 0.05999829998283307 0.1513436675745437 -0.0739801325513932 0.07998426947962822 -0.08460196665572275 0.005395792265810777 -0.01848328840711699 0.1132767541174029 -0.03554796987639625 0.08194246115326823 0.07515559293593095 -0.04650554545940173 -0.008372600492092685 0.05777802334004846 0.07958143685555058 0.003699422272057901 -0.1062169614640893 0.01559768179032762 0.1585295586821263 -0.04520891711132224 -0.0299432023310851 -0.04314365955696366 -0.1179739419021443 -0.06252386287194492 0.02575421898146209 0.07614171578307694 -0.09831248191639178 0.1057739905382905 -0.04801114895666714 0.01406632002546131 0.00703643829027646 -0.08551424646071722 -0.0003410764248424729 -0.04079182055504321 0.1358026494633444 -0.5726740519087503
