# SRINGS version 1.0 || Please do not alter this tecxt file ||Designed and Developed by ABC Lab at BITS Pilani - K.K. Birla Goa Campus, India
# name: Theta2
# type: matrix
# rows: 1
# columns: 16
 0.6458147064595684 0.7742995638580805 -1.160785983639451 2.361793840107432 0.2258549854874858 -1.505465801327647 -0.7740874508079616 0.2721835185148706 -0.1469133394137089 1.02612083191651 -0.9039611611445377 0.9639172856383292 0.7665704042173888 -1.149933856046185 -0.9579060634198342 -0.1379202875941079


